(function(name,data){
 if(typeof onTileMapLoaded === 'undefined') {
  if(typeof TileMaps === 'undefined') TileMaps = {};
  TileMaps[name] = data;
 } else {
  onTileMapLoaded(name,data);
 }
 if(typeof module === 'object' && module && module.exports) {
  module.exports = data;
 }})("level1",
{ "compressionlevel":-1,
 "height":32,
 "infinite":false,
 "layers":[
        {
         "id":3,
         "image":"tileset.png",
         "imageheight":768,
         "imagewidth":1376,
         "locked":true,
         "name":"background",
         "opacity":1,
         "type":"imagelayer",
         "visible":false,
         "x":0,
         "y":0
        }, 
        {
         "data":[1948, 1948, 1948, 1948, 1948, 1948, 1948, 1948, 1948, 1948, 1948, 1948, 1948, 1948, 1948, 1948, 1948, 1948, 1948, 1948, 1948, 1948, 1948, 1948, 1948, 1948, 1948, 1948, 1948, 1948, 1948, 1948, 1948, 1948, 1948, 1948, 1948, 1948, 1948, 1948, 1948, 1948, 1948, 1948, 1948, 1948, 1948, 1948, 1948, 1948, 1948, 1948, 1948, 1948, 1948, 1948, 1948, 1948,
            1948, 1948, 1948, 1948, 1948, 1948, 1948, 1948, 1948, 1948, 1948, 1948, 1948, 1948, 1948, 1948, 1948, 1948, 1948, 1948, 1948, 1948, 1948, 1948, 1948, 1948, 1948, 1948, 1948, 1948, 1948, 1948, 1948, 1948, 1948, 1948, 1948, 1948, 1948, 1948, 1948, 1948, 1948, 1948, 1948, 1948, 1948, 1948, 1948, 1948, 1948, 1948, 1948, 1948, 1948, 1948, 1948, 1948,
            1948, 1948, 1948, 1948, 1948, 1948, 1948, 1948, 1948, 1948, 1948, 1948, 1948, 1948, 1948, 1948, 1948, 1948, 1948, 1948, 1948, 1948, 1948, 1948, 1948, 1948, 1948, 1948, 1948, 1948, 1948, 1948, 1948, 1948, 1948, 1948, 1948, 1948, 1948, 1948, 1948, 1948, 1948, 1948, 1948, 1948, 1948, 1948, 1948, 1948, 1948, 1948, 1948, 1948, 1948, 1948, 1948, 1948,
            1948, 1948, 1948, 1948, 1948, 1948, 1948, 1948, 1948, 1948, 1948, 1948, 1948, 1948, 1948, 1948, 1948, 1948, 1948, 1948, 1948, 1948, 1948, 1948, 1948, 1948, 1948, 1948, 1948, 1948, 1948, 1948, 1948, 1948, 1948, 1948, 1948, 1948, 1948, 1948, 1948, 1948, 1948, 1948, 1948, 1948, 1948, 1948, 1948, 1948, 1948, 1948, 1948, 1948, 1948, 1948, 1948, 1948,
            1948, 1948, 1948, 1948, 1948, 1948, 1948, 1948, 1948, 1948, 1948, 1948, 1948, 1948, 1948, 1948, 1948, 1948, 1948, 1948, 1948, 1948, 1948, 1948, 1948, 1948, 1948, 1948, 1948, 1948, 1948, 1948, 1948, 1948, 1948, 1948, 1948, 1948, 1948, 1948, 1948, 1948, 1948, 1948, 1948, 1948, 1948, 1948, 1948, 1948, 1948, 1948, 1948, 1948, 1948, 1948, 1948, 1948,
            1948, 0, 0, 0, 0, 0, 0, 0, 0, 0, 0, 0, 0, 0, 1948, 1948, 1948, 1948, 1948, 1948, 1948, 1948, 0, 0, 0, 0, 0, 0, 1948, 1948, 0, 0, 0, 0, 0, 0, 1948, 1948, 1948, 1948, 1948, 1948, 1948, 1948, 0, 0, 0, 1948, 1948, 0, 0, 1948, 1948, 0, 0, 1948, 1948, 1948,
            1948, 0, 0, 0, 0, 0, 0, 0, 0, 0, 0, 0, 0, 0, 0, 0, 0, 0, 0, 0, 0, 0, 0, 0, 0, 0, 0, 0, 0, 0, 0, 0, 0, 0, 0, 0, 0, 0, 0, 0, 0, 0, 0, 0, 0, 0, 0, 0, 0, 0, 0, 0, 0, 0, 0, 0, 0, 1948,
            1948, 0, 0, 0, 0, 0, 0, 0, 0, 0, 0, 0, 0, 0, 0, 0, 0, 0, 0, 0, 0, 0, 0, 0, 0, 0, 0, 0, 0, 0, 0, 0, 0, 0, 0, 0, 0, 0, 0, 0, 0, 0, 0, 0, 0, 0, 0, 1948, 1948, 0, 0, 1948, 1948, 0, 0, 1948, 1948, 1948,
            1948, 0, 0, 0, 0, 0, 0, 0, 0, 0, 0, 0, 0, 0, 1948, 1948, 1948, 1948, 1948, 1948, 1948, 1948, 0, 0, 0, 0, 0, 0, 0, 0, 0, 0, 0, 0, 0, 0, 1948, 1948, 1948, 1948, 1948, 1948, 1948, 1948, 0, 0, 0, 0, 0, 0, 0, 0, 0, 0, 0, 0, 0, 1948,
            1948, 0, 0, 0, 0, 0, 0, 0, 0, 0, 0, 0, 0, 0, 1948, 1948, 1948, 1948, 1948, 1948, 1948, 1948, 0, 0, 0, 1948, 0, 0, 0, 0, 0, 0, 1948, 0, 0, 0, 1948, 1948, 1948, 1948, 1948, 1948, 1948, 1948, 0, 0, 0, 0, 0, 0, 0, 0, 0, 0, 0, 1948, 1948, 1948,
            1948, 0, 0, 0, 0, 0, 0, 0, 0, 0, 0, 0, 0, 0, 1948, 1948, 1948, 1948, 1948, 1948, 1948, 1948, 1948, 0, 0, 1948, 0, 0, 0, 0, 0, 0, 1948, 0, 0, 1948, 1948, 1948, 1948, 1948, 1948, 1948, 1948, 1948, 0, 0, 0, 1948, 1948, 0, 0, 1948, 1948, 0, 0, 0, 0, 1948,
            1948, 1948, 1948, 1948, 1948, 1948, 1948, 1948, 1948, 1948, 1948, 1948, 1948, 1948, 1948, 1948, 1948, 1948, 1948, 1948, 1948, 1948, 1948, 0, 0, 1948, 0, 0, 0, 0, 0, 0, 1948, 0, 0, 1948, 1948, 1948, 1948, 1948, 1948, 1948, 1948, 1948, 1948, 1948, 1948, 1948, 1948, 1948, 1948, 1948, 1948, 1948, 1948, 1948, 1948, 1948,
            1948, 1948, 1948, 1948, 1948, 1948, 1948, 1948, 1948, 1948, 1948, 1948, 1948, 1948, 1948, 1948, 1948, 1948, 1948, 1948, 1948, 1948, 1948, 0, 0, 0, 0, 0, 0, 0, 0, 0, 0, 0, 0, 1948, 1948, 1948, 1948, 1948, 1948, 1948, 1948, 1948, 1948, 1948, 1948, 1948, 1948, 1948, 1948, 1948, 1948, 1948, 1948, 1948, 1948, 1948,
            1948, 1948, 1948, 1948, 1948, 1948, 1948, 1948, 1948, 1948, 1948, 1948, 1948, 1948, 1948, 1948, 1948, 1948, 1948, 1948, 1948, 1948, 0, 0, 0, 0, 0, 0, 0, 0, 0, 0, 0, 0, 0, 0, 1948, 1948, 1948, 1948, 1948, 1948, 1948, 1948, 1948, 1948, 1948, 1948, 1948, 1948, 1948, 1948, 1948, 1948, 1948, 1948, 1948, 1948,
            1948, 1948, 1948, 1948, 1948, 1948, 1948, 1948, 1948, 1948, 1948, 1948, 1948, 1948, 1948, 1948, 1948, 1948, 1948, 1948, 1948, 1948, 0, 0, 0, 0, 0, 0, 0, 0, 0, 0, 0, 0, 0, 0, 1948, 1948, 1948, 1948, 1948, 1948, 1948, 1948, 1948, 1948, 1948, 1948, 1948, 1948, 1948, 1948, 1948, 1948, 1948, 1948, 1948, 1948,
            1948, 1948, 1948, 1948, 1948, 1948, 1948, 0, 0, 0, 1948, 1948, 1948, 1948, 1948, 1948, 1948, 0, 0, 0, 0, 1948, 0, 0, 0, 0, 0, 0, 0, 0, 0, 0, 0, 0, 0, 0, 1948, 0, 0, 0, 0, 0, 1948, 0, 1948, 1948, 1948, 1948, 0, 0, 0, 1948, 1948, 1948, 1948, 1948, 1948, 1948,
            1948, 1948, 0, 0, 0, 0, 0, 0, 0, 0, 0, 0, 0, 0, 0, 0, 0, 0, 0, 0, 0, 0, 0, 0, 0, 1948, 0, 0, 0, 0, 0, 0, 1948, 0, 0, 0, 0, 0, 0, 0, 0, 0, 1948, 0, 0, 0, 0, 0, 0, 0, 0, 0, 0, 0, 0, 0, 1948, 1948,
            1948, 1948, 0, 0, 0, 1948, 1948, 1948, 0, 0, 0, 0, 0, 0, 0, 1948, 1948, 0, 0, 1948, 1948, 1948, 0, 0, 0, 1948, 0, 0, 0, 0, 0, 0, 1948, 0, 0, 0, 1948, 1948, 1948, 1948, 0, 0, 0, 0, 0, 0, 0, 0, 0, 0, 0, 1948, 1948, 1948, 0, 0, 1948, 1948,
            1948, 1948, 0, 0, 0, 1948, 1948, 1948, 0, 0, 0, 0, 0, 0, 0, 1948, 1948, 0, 0, 1948, 1948, 1948, 0, 0, 0, 1948, 0, 0, 0, 0, 0, 0, 1948, 0, 0, 0, 1948, 1948, 1948, 1948, 0, 0, 0, 0, 0, 0, 0, 0, 0, 0, 0, 1948, 1948, 1948, 0, 0, 1948, 1948,
            1948, 1948, 1948, 0, 0, 0, 0, 0, 0, 0, 0, 0, 0, 0, 0, 1948, 1948, 0, 0, 1948, 1948, 1948, 0, 0, 0, 0, 0, 0, 0, 0, 0, 0, 0, 0, 0, 0, 1948, 1948, 1948, 1948, 0, 0, 1948, 0, 0, 0, 0, 0, 0, 0, 0, 0, 0, 0, 0, 1948, 1948, 1948,
            1948, 1948, 1948, 1948, 0, 0, 0, 0, 0, 0, 0, 0, 0, 0, 0, 1948, 1948, 0, 0, 1948, 1948, 1948, 1948, 1948, 1948, 1948, 1948, 0, 0, 0, 0, 1948, 1948, 1948, 1948, 1948, 1948, 1948, 1948, 1948, 0, 0, 1948, 0, 0, 0, 0, 0, 0, 0, 0, 0, 0, 0, 0, 1948, 1948, 1948,
            1948, 1948, 1948, 1948, 1948, 1948, 1948, 1948, 1948, 1948, 1948, 1948, 1948, 1948, 1948, 1948, 1948, 0, 0, 1948, 1948, 1948, 1948, 1948, 1948, 1948, 1948, 1948, 1948, 1948, 1948, 1948, 1948, 1948, 1948, 1948, 1948, 1948, 1948, 1948, 0, 0, 1948, 1948, 1948, 1948, 1948, 1948, 1948, 1948, 1948, 1948, 1948, 1948, 1948, 1948, 1948, 1948,
            1948, 1948, 1948, 1948, 1948, 1948, 1948, 1948, 1948, 1948, 1948, 1948, 1948, 1948, 1948, 1948, 1948, 0, 0, 1948, 1948, 1948, 1948, 1948, 1948, 1948, 1948, 1948, 1948, 1948, 1948, 1948, 1948, 1948, 1948, 1948, 1948, 1948, 1948, 1948, 0, 0, 1948, 1948, 1948, 1948, 1948, 1948, 1948, 1948, 1948, 1948, 1948, 1948, 1948, 1948, 1948, 1948,
            1948, 1948, 1948, 1948, 1948, 1948, 1948, 1948, 1948, 1948, 1948, 1948, 1948, 1948, 1948, 1948, 1948, 0, 0, 1948, 1948, 1948, 1948, 1948, 1948, 1948, 1948, 1948, 1948, 1948, 1948, 1948, 1948, 1948, 1948, 1948, 1948, 1948, 1948, 1948, 0, 0, 1948, 1948, 1948, 1948, 1948, 1948, 1948, 1948, 1948, 1948, 1948, 1948, 1948, 1948, 1948, 1948,
            1948, 1948, 1948, 1948, 1948, 1948, 1948, 1948, 1948, 1948, 1948, 1948, 1948, 1948, 1948, 1948, 1948, 0, 0, 1948, 1948, 1948, 1948, 1948, 1948, 1948, 1948, 1948, 1948, 1948, 1948, 1948, 1948, 1948, 1948, 1948, 1948, 1948, 1948, 1948, 0, 0, 1948, 1948, 1948, 1948, 1948, 1948, 1948, 1948, 1948, 1948, 1948, 1948, 1948, 1948, 1948, 1948,
            1948, 1948, 1948, 1948, 1948, 1948, 1948, 1948, 1948, 1948, 1948, 1948, 1948, 1948, 1948, 0, 0, 0, 0, 0, 0, 0, 1948, 1948, 1948, 1948, 0, 0, 0, 0, 0, 0, 1948, 0, 1948, 1948, 1948, 1948, 1948, 0, 0, 0, 1948, 1948, 1948, 1948, 1948, 1948, 1948, 1948, 1948, 1948, 1948, 1948, 1948, 1948, 1948, 1948,
            1948, 0, 0, 0, 0, 0, 0, 0, 0, 0, 0, 0, 0, 0, 0, 0, 0, 0, 0, 0, 0, 0, 0, 0, 0, 0, 0, 0, 0, 0, 0, 0, 0, 0, 0, 0, 0, 0, 0, 0, 0, 0, 0, 0, 0, 1948, 1948, 0, 0, 0, 0, 0, 0, 0, 0, 0, 1948, 1948,
            1948, 0, 0, 0, 0, 0, 0, 0, 0, 0, 0, 0, 0, 0, 0, 0, 0, 0, 0, 0, 0, 0, 0, 0, 0, 0, 0, 0, 0, 0, 0, 0, 0, 0, 0, 0, 1948, 1948, 1948, 1948, 0, 0, 0, 0, 0, 0, 0, 0, 0, 0, 0, 0, 0, 0, 0, 0, 1948, 1948,
            1948, 0, 0, 0, 0, 0, 0, 0, 0, 0, 0, 0, 0, 0, 1948, 1948, 1948, 1948, 1948, 1948, 1948, 1948, 1948, 1948, 1948, 1948, 1948, 1948, 1948, 1948, 1948, 1948, 1948, 0, 0, 0, 1948, 1948, 1948, 1948, 0, 0, 0, 0, 0, 1948, 1948, 0, 0, 0, 0, 0, 0, 0, 0, 0, 1948, 1948,
            1948, 0, 0, 0, 0, 0, 0, 0, 0, 0, 0, 0, 0, 0, 1948, 1948, 1948, 1948, 1948, 1948, 1948, 1948, 1948, 1948, 1948, 1948, 1948, 1948, 1948, 1948, 1948, 1948, 1948, 1948, 0, 0, 0, 0, 0, 0, 0, 0, 0, 0, 1948, 1948, 1948, 1948, 0, 0, 0, 0, 0, 0, 0, 0, 1948, 1948,
            1948, 0, 0, 0, 0, 0, 0, 0, 0, 0, 0, 0, 0, 0, 1948, 1948, 1948, 1948, 1948, 1948, 1948, 1948, 1948, 1948, 1948, 1948, 1948, 1948, 1948, 1948, 1948, 1948, 1948, 1948, 0, 0, 0, 0, 0, 0, 0, 0, 0, 0, 1948, 1948, 1948, 1948, 0, 0, 1948, 1948, 1948, 1948, 0, 0, 1948, 1948,
            1948, 1948, 1948, 1948, 1948, 1948, 1948, 1948, 1948, 1948, 1948, 1948, 1948, 1948, 1948, 1948, 1948, 1948, 1948, 1948, 1948, 1948, 1948, 1948, 1948, 1948, 1948, 1948, 1948, 1948, 1948, 1948, 1948, 1948, 1948, 1948, 1948, 1948, 1948, 1948, 1948, 1948, 1948, 1948, 1948, 1948, 1948, 1948, 1948, 1948, 1948, 1948, 1948, 1948, 1948, 1948, 1948, 1948],
         "height":32,
         "id":2,
         "locked":true,
         "name":"collision",
         "opacity":1,
         "type":"tilelayer",
         "visible":true,
         "width":58,
         "x":0,
         "y":0
        }],
 "nextlayerid":4,
 "nextobjectid":1,
 "orientation":"orthogonal",
 "renderorder":"right-down",
 "tiledversion":"1.12.1",
 "tileheight":23,
 "tilesets":[
        {
         "firstgid":1,
         "source":"tileset.tsx"
        }, 
        {
         "firstgid":1948,
         "source":"greeCollision.tsx"
        }],
 "tilewidth":23,
 "type":"map",
 "version":"1.10",
 "width":58
});